0.900000 0.000000
0.901500 0.000000
0.903000 0.000000
0.904500 0.000000
0.906000 0.000000
0.907500 0.000000
0.909000 0.000000
0.910500 0.000000
0.912000 0.000000
0.913500 0.000000
0.915000 0.000000
0.916500 0.000000
0.918000 0.000000
0.919500 0.000000
0.921000 0.000000
0.922500 0.000000
0.924000 0.000000
0.925500 0.000000
0.927000 0.000000
0.928500 0.000000
0.930000 0.000000
0.931500 0.000000
0.933000 0.000000
0.934500 0.000000
0.936000 0.000000
0.937500 0.000000
0.939000 0.000000
0.940500 0.000000
0.942000 0.000000
0.943500 0.000000
0.945000 0.000000
0.946500 0.000000
0.948000 0.000000
0.949500 0.000000
0.951000 0.000000
0.952500 0.000000
0.954000 0.000000
0.955500 0.000000
0.957000 0.000000
0.958500 0.000000
0.960000 0.000000
0.961500 0.000000
0.963000 0.000000
0.964500 0.000000
0.966000 0.000000
0.967500 0.000000
0.969000 0.000000
0.970500 0.000000
0.972000 0.000000
0.973500 0.000000
0.975000 0.000000
0.976500 0.000000
0.978000 0.000000
0.979500 0.000000
0.981000 0.000000
0.982500 0.000000
0.984000 0.000000
0.985500 0.000000
0.987000 0.000000
0.988500 0.000000
0.990000 0.000000
0.991500 0.000000
0.993000 0.000000
0.994500 0.000000
0.996000 0.000000
0.997500 0.000000
0.999000 0.000000
1.000500 0.000000
1.002000 0.000000
1.003500 0.000000
1.005000 0.000000
1.006500 0.000000
1.008000 0.000000
1.009500 0.000000
1.011000 0.000000
1.012500 0.000000
1.014000 0.000000
1.015500 0.000000
1.017000 0.000000
1.018500 0.000000
1.020000 0.000000
1.021500 0.000000
1.023000 0.000000
1.024500 0.000000
1.026000 0.000000
1.027500 0.000000
1.029000 0.000002
1.030500 0.000009
1.032000 0.000039
1.033500 0.000143
1.035000 0.000468
1.036500 0.001371
1.038000 0.003588
1.039500 0.008385
1.041000 0.017499
1.042500 0.032611
1.044000 0.054270
1.045500 0.080650
1.047000 0.107027
1.048500 0.126831
1.050000 0.134216
1.051500 0.126831
1.053000 0.107027
1.054500 0.080650
1.056000 0.054270
1.057500 0.032611
1.059000 0.017499
1.060500 0.008385
1.062000 0.003588
1.063500 0.001371
1.065000 0.000468
1.066500 0.000143
1.068000 0.000039
1.069500 0.000009
1.071000 0.000002
1.072500 0.000000
1.074000 0.000000
1.075500 0.000000
1.077000 0.000000
1.078500 0.000000
1.080000 0.000000
1.081500 0.000000
1.083000 0.000000
1.084500 0.000000
1.086000 0.000000
1.087500 0.000000
1.089000 0.000000
1.090500 0.000000
1.092000 0.000000
1.093500 0.000000
1.095000 0.000000
1.096500 0.000000
1.098000 0.000000
1.099500 0.000000
1.101000 0.000000
1.102500 0.000000
1.104000 0.000000
1.105500 0.000000
1.107000 0.000000
1.108500 0.000000
1.110000 0.000000
1.111500 0.000000
1.113000 0.000000
1.114500 0.000000
1.116000 0.000000
1.117500 0.000000
1.119000 0.000000
1.120500 0.000000
1.122000 0.000000
1.123500 0.000000
1.125000 0.000000
1.126500 0.000000
1.128000 0.000000
1.129500 0.000000
1.131000 0.000000
1.132500 0.000000
1.134000 0.000000
1.135500 0.000000
1.137000 0.000000
1.138500 0.000000
1.140000 0.000000
1.141500 0.000000
1.143000 0.000000
1.144500 0.000000
1.146000 0.000000
1.147500 0.000000
1.149000 0.000000
1.150500 0.000000
1.152000 0.000000
1.153500 0.000000
1.155000 0.000000
1.156500 0.000000
1.158000 0.000000
1.159500 0.000000
1.161000 0.000000
1.162500 0.000000
1.164000 0.000000
1.165500 0.000000
1.167000 0.000000
1.168500 0.000000
1.170000 0.000000
1.171500 0.000000
1.173000 0.000000
1.174500 0.000000
1.176000 0.000000
1.177500 0.000000
1.179000 0.000000
1.180500 0.000000
1.182000 0.000000
1.183500 0.000000
1.185000 0.000000
1.186500 0.000000
1.188000 0.000000
1.189500 0.000000
1.191000 0.000000
1.192500 0.000000
1.194000 0.000000
1.195500 0.000000
1.197000 0.000000
1.198500 0.000000
1.200000 0.000000
